11

800406007
000000400
010000650
509030780
000070000
048020103
052000090
001000000
300902005

930001704
000067023
000005010
102000060
000000000
060000207
050200000
610480000
204100076

900001000
000360812
000084030
270006008
000108000
400500076
010840000
643017000
000600001

200000060
000075030
048090100
000300000
300010009
000008000
001020570
080730000
090000004 

807000003
602080000
000200900
040005001
000798000
200100070
004003000
000040108
300000506 

008009320
000080040
900500007
000040090
000708000
060020000
600001008
050030000
072900100 

600108000
009070003
005000080
310005800
000000000
007600042
090000400
400030100
000207006 

030010060
020004000
100003500
300090000
860000041
000070008
005900002
000100090
040080050
 
001093000
000100004
020060370
700000005
080504060
400000008
092080010
100009000
000340600 

040390100
005002000
100800006
003500900
000000000
006008300
700004009
000700400
009056080
 
800020070
000500009
340700000
070000400
005301700
001000030
000004067
100006000
020050008